p_before = 2.024106532e+03 Pa @ x=0.39000, y=0.10000
p_after  = 1.291640734e+00 Pa @ x=0.61000, y=0.10000
Delta_p  = 2.022814891e+03 Pa (before - after)
